{
 "cells": [
  {
   "cell_type": "markdown",
   "metadata": {},
   "source": [
    "# Mean Reversion -  (Pairs Trading)\n",
    "- Long Pair: Long stock A and short stock B\n",
    "- Short Pair: Short stock A and long stock B\n",
    "- You want to find a high correlation between stock A and B's price (usually > 0.8) --  in this case let's say 0.9. If you find a relationship suggesting that the prices move in opposite directions, you can capitalize on this behavior. ONCE the assets deviate from their typical correlation, say 0.5, you can long/short the pair since you expect the correlation to converge back to its original form.\n",
    "- Sort of becomes an art when you try to maximize the spread between the assets"
   ]
  },
  {
   "cell_type": "markdown",
   "metadata": {},
   "source": [
    "# Basic Idea\n",
    "- 1) Find 2 assets that move similarly with eachother (whether it be a negative or positive correlation)\n",
    "- 2) Sell the 'overvalued' stock and buy the 'undervalued' stock\n",
    "-- A common signal to use to triger the purchase of a pair trade is to use the Price Ratio (Stock A / Stock B). If the ratio changes significantly, then you know it is time to trade. 'Significance' can be measured with standard deviation."
   ]
  },
  {
   "cell_type": "code",
   "execution_count": 43,
   "metadata": {},
   "outputs": [
    {
     "name": "stdout",
     "output_type": "stream",
     "text": [
      "Requirement already satisfied: yfinance in d:\\anaconda\\lib\\site-packages (0.1.74)\n",
      "Requirement already satisfied: requests>=2.26 in d:\\anaconda\\lib\\site-packages (from yfinance) (2.26.0)\n",
      "Requirement already satisfied: lxml>=4.5.1 in d:\\anaconda\\lib\\site-packages (from yfinance) (4.6.3)\n",
      "Requirement already satisfied: numpy>=1.15 in d:\\anaconda\\lib\\site-packages (from yfinance) (1.20.3)\n",
      "Requirement already satisfied: multitasking>=0.0.7 in d:\\anaconda\\lib\\site-packages (from yfinance) (0.0.11)\n",
      "Requirement already satisfied: pandas>=0.24.0 in d:\\anaconda\\lib\\site-packages (from yfinance) (1.3.4)\n",
      "Requirement already satisfied: python-dateutil>=2.7.3 in d:\\anaconda\\lib\\site-packages (from pandas>=0.24.0->yfinance) (2.8.2)\n",
      "Requirement already satisfied: pytz>=2017.3 in d:\\anaconda\\lib\\site-packages (from pandas>=0.24.0->yfinance) (2021.3)\n",
      "Requirement already satisfied: six>=1.5 in d:\\anaconda\\lib\\site-packages (from python-dateutil>=2.7.3->pandas>=0.24.0->yfinance) (1.16.0)\n",
      "Requirement already satisfied: idna<4,>=2.5 in d:\\anaconda\\lib\\site-packages (from requests>=2.26->yfinance) (3.2)\n",
      "Requirement already satisfied: urllib3<1.27,>=1.21.1 in d:\\anaconda\\lib\\site-packages (from requests>=2.26->yfinance) (1.26.7)\n",
      "Requirement already satisfied: charset-normalizer~=2.0.0 in d:\\anaconda\\lib\\site-packages (from requests>=2.26->yfinance) (2.0.4)\n",
      "Requirement already satisfied: certifi>=2017.4.17 in d:\\anaconda\\lib\\site-packages (from requests>=2.26->yfinance) (2021.10.8)\n",
      "[*********************100%***********************]  1 of 1 completed\n",
      "[*********************100%***********************]  1 of 1 completed\n",
      "[*********************100%***********************]  1 of 1 completed\n",
      "[*********************100%***********************]  1 of 1 completed\n",
      "[*********************100%***********************]  1 of 1 completed\n",
      "[*********************100%***********************]  1 of 1 completed\n",
      "[*********************100%***********************]  1 of 1 completed\n",
      "[*********************100%***********************]  1 of 1 completed\n",
      "[*********************100%***********************]  1 of 1 completed\n",
      "[*********************100%***********************]  1 of 1 completed\n",
      "[*********************100%***********************]  1 of 1 completed\n",
      "[*********************100%***********************]  1 of 1 completed\n",
      "[*********************100%***********************]  1 of 1 completed\n",
      "[*********************100%***********************]  1 of 1 completed\n",
      "[*********************100%***********************]  1 of 1 completed\n",
      "(253, 15)\n"
     ]
    },
    {
     "data": {
      "text/html": [
       "<div>\n",
       "<style scoped>\n",
       "    .dataframe tbody tr th:only-of-type {\n",
       "        vertical-align: middle;\n",
       "    }\n",
       "\n",
       "    .dataframe tbody tr th {\n",
       "        vertical-align: top;\n",
       "    }\n",
       "\n",
       "    .dataframe thead th {\n",
       "        text-align: right;\n",
       "    }\n",
       "</style>\n",
       "<table border=\"1\" class=\"dataframe\">\n",
       "  <thead>\n",
       "    <tr style=\"text-align: right;\">\n",
       "      <th></th>\n",
       "      <th>DPZ</th>\n",
       "      <th>AAPL</th>\n",
       "      <th>GOOG</th>\n",
       "      <th>AMD</th>\n",
       "      <th>GME</th>\n",
       "      <th>SPY</th>\n",
       "      <th>NFLX</th>\n",
       "      <th>BA</th>\n",
       "      <th>WMT</th>\n",
       "      <th>TWTR</th>\n",
       "      <th>GS</th>\n",
       "      <th>XOM</th>\n",
       "      <th>NKE</th>\n",
       "      <th>BRK-B</th>\n",
       "      <th>MSFT</th>\n",
       "    </tr>\n",
       "    <tr>\n",
       "      <th>Date</th>\n",
       "      <th></th>\n",
       "      <th></th>\n",
       "      <th></th>\n",
       "      <th></th>\n",
       "      <th></th>\n",
       "      <th></th>\n",
       "      <th></th>\n",
       "      <th></th>\n",
       "      <th></th>\n",
       "      <th></th>\n",
       "      <th></th>\n",
       "      <th></th>\n",
       "      <th></th>\n",
       "      <th></th>\n",
       "      <th></th>\n",
       "    </tr>\n",
       "  </thead>\n",
       "  <tbody>\n",
       "    <tr>\n",
       "      <th>2021-10-20</th>\n",
       "      <td>455.155334</td>\n",
       "      <td>148.428268</td>\n",
       "      <td>142.414993</td>\n",
       "      <td>116.389999</td>\n",
       "      <td>46.130001</td>\n",
       "      <td>447.496857</td>\n",
       "      <td>625.140015</td>\n",
       "      <td>216.169998</td>\n",
       "      <td>143.703766</td>\n",
       "      <td>65.800003</td>\n",
       "      <td>400.915833</td>\n",
       "      <td>61.087139</td>\n",
       "      <td>157.415619</td>\n",
       "      <td>287.489990</td>\n",
       "      <td>305.503906</td>\n",
       "    </tr>\n",
       "    <tr>\n",
       "      <th>2021-10-21</th>\n",
       "      <td>464.465302</td>\n",
       "      <td>148.647034</td>\n",
       "      <td>142.780502</td>\n",
       "      <td>119.330002</td>\n",
       "      <td>45.427502</td>\n",
       "      <td>448.664062</td>\n",
       "      <td>653.159973</td>\n",
       "      <td>214.339996</td>\n",
       "      <td>144.501022</td>\n",
       "      <td>65.400002</td>\n",
       "      <td>400.620911</td>\n",
       "      <td>59.977333</td>\n",
       "      <td>161.121277</td>\n",
       "      <td>286.820007</td>\n",
       "      <td>308.833160</td>\n",
       "    </tr>\n",
       "    <tr>\n",
       "      <th>2021-10-22</th>\n",
       "      <td>460.862366</td>\n",
       "      <td>147.861450</td>\n",
       "      <td>138.625000</td>\n",
       "      <td>119.820000</td>\n",
       "      <td>42.450001</td>\n",
       "      <td>448.199158</td>\n",
       "      <td>664.780029</td>\n",
       "      <td>212.970001</td>\n",
       "      <td>146.006958</td>\n",
       "      <td>62.240002</td>\n",
       "      <td>407.235870</td>\n",
       "      <td>60.388729</td>\n",
       "      <td>162.412781</td>\n",
       "      <td>289.239990</td>\n",
       "      <td>307.243042</td>\n",
       "    </tr>\n",
       "    <tr>\n",
       "      <th>2021-10-25</th>\n",
       "      <td>462.758118</td>\n",
       "      <td>147.811722</td>\n",
       "      <td>138.772995</td>\n",
       "      <td>122.360001</td>\n",
       "      <td>43.492500</td>\n",
       "      <td>450.602783</td>\n",
       "      <td>671.659973</td>\n",
       "      <td>212.869995</td>\n",
       "      <td>147.699890</td>\n",
       "      <td>62.110001</td>\n",
       "      <td>407.658508</td>\n",
       "      <td>61.565506</td>\n",
       "      <td>163.147949</td>\n",
       "      <td>290.260010</td>\n",
       "      <td>306.219452</td>\n",
       "    </tr>\n",
       "    <tr>\n",
       "      <th>2021-10-26</th>\n",
       "      <td>462.301544</td>\n",
       "      <td>148.487946</td>\n",
       "      <td>139.671997</td>\n",
       "      <td>122.930000</td>\n",
       "      <td>44.459999</td>\n",
       "      <td>451.008301</td>\n",
       "      <td>668.520020</td>\n",
       "      <td>209.809998</td>\n",
       "      <td>146.410522</td>\n",
       "      <td>61.430000</td>\n",
       "      <td>410.469574</td>\n",
       "      <td>62.991028</td>\n",
       "      <td>162.720749</td>\n",
       "      <td>290.850006</td>\n",
       "      <td>308.187134</td>\n",
       "    </tr>\n",
       "  </tbody>\n",
       "</table>\n",
       "</div>"
      ],
      "text/plain": [
       "                   DPZ        AAPL        GOOG         AMD        GME  \\\n",
       "Date                                                                    \n",
       "2021-10-20  455.155334  148.428268  142.414993  116.389999  46.130001   \n",
       "2021-10-21  464.465302  148.647034  142.780502  119.330002  45.427502   \n",
       "2021-10-22  460.862366  147.861450  138.625000  119.820000  42.450001   \n",
       "2021-10-25  462.758118  147.811722  138.772995  122.360001  43.492500   \n",
       "2021-10-26  462.301544  148.487946  139.671997  122.930000  44.459999   \n",
       "\n",
       "                   SPY        NFLX          BA         WMT       TWTR  \\\n",
       "Date                                                                    \n",
       "2021-10-20  447.496857  625.140015  216.169998  143.703766  65.800003   \n",
       "2021-10-21  448.664062  653.159973  214.339996  144.501022  65.400002   \n",
       "2021-10-22  448.199158  664.780029  212.970001  146.006958  62.240002   \n",
       "2021-10-25  450.602783  671.659973  212.869995  147.699890  62.110001   \n",
       "2021-10-26  451.008301  668.520020  209.809998  146.410522  61.430000   \n",
       "\n",
       "                    GS        XOM         NKE       BRK-B        MSFT  \n",
       "Date                                                                   \n",
       "2021-10-20  400.915833  61.087139  157.415619  287.489990  305.503906  \n",
       "2021-10-21  400.620911  59.977333  161.121277  286.820007  308.833160  \n",
       "2021-10-22  407.235870  60.388729  162.412781  289.239990  307.243042  \n",
       "2021-10-25  407.658508  61.565506  163.147949  290.260010  306.219452  \n",
       "2021-10-26  410.469574  62.991028  162.720749  290.850006  308.187134  "
      ]
     },
     "execution_count": 43,
     "metadata": {},
     "output_type": "execute_result"
    }
   ],
   "source": [
    "# Getting Data from 6 years back\n",
    "# I will use the most recent 1 year to determine how well I would have done.\n",
    "# I will get the adjusted close as my main data.\n",
    "# importing libraries\n",
    "\n",
    "import pandas as pd\n",
    "!pip install yfinance\n",
    "import yfinance as yf\n",
    "from datetime import datetime\n",
    "import yfinance as yf\n",
    "\n",
    "def get_historical_Data(tickers):\n",
    "    \"\"\"This function returns a pd dataframe with all of the adjusted closing information\"\"\"\n",
    "    data = pd.DataFrame()\n",
    "    names = list()\n",
    "    for i in tickers:\n",
    "        data = pd.concat([data, pd.DataFrame(yf.download(i, start=datetime(2020, 10, 27), end=datetime(2021, 10, 27)).iloc[:,4])], axis = 1)\n",
    "        names.append(i)\n",
    "    data.columns = names\n",
    "    return data\n",
    "\n",
    "ticks = [\"DPZ\", \"AAPL\", \"GOOG\", \"AMD\", \"GME\", \"SPY\", \"NFLX\", \"BA\", \"WMT\",\"TWTR\",\"GS\",\"XOM\",\"NKE\",\"BRK-B\", \"MSFT\"] #Name of company (Dominos pizza)\n",
    "d = get_historical_Data(ticks)\n",
    "print(d.shape)\n",
    "# Most Recent Data\n",
    "d.tail()"
   ]
  },
  {
   "cell_type": "code",
   "execution_count": 44,
   "metadata": {},
   "outputs": [
    {
     "data": {
      "text/html": [
       "<div>\n",
       "<style scoped>\n",
       "    .dataframe tbody tr th:only-of-type {\n",
       "        vertical-align: middle;\n",
       "    }\n",
       "\n",
       "    .dataframe tbody tr th {\n",
       "        vertical-align: top;\n",
       "    }\n",
       "\n",
       "    .dataframe thead th {\n",
       "        text-align: right;\n",
       "    }\n",
       "</style>\n",
       "<table border=\"1\" class=\"dataframe\">\n",
       "  <thead>\n",
       "    <tr style=\"text-align: right;\">\n",
       "      <th></th>\n",
       "      <th>DPZ</th>\n",
       "      <th>AAPL</th>\n",
       "      <th>GOOG</th>\n",
       "      <th>AMD</th>\n",
       "      <th>GME</th>\n",
       "      <th>SPY</th>\n",
       "      <th>NFLX</th>\n",
       "      <th>BA</th>\n",
       "      <th>WMT</th>\n",
       "      <th>TWTR</th>\n",
       "      <th>GS</th>\n",
       "      <th>XOM</th>\n",
       "      <th>NKE</th>\n",
       "      <th>BRK-B</th>\n",
       "      <th>MSFT</th>\n",
       "    </tr>\n",
       "  </thead>\n",
       "  <tbody>\n",
       "    <tr>\n",
       "      <th>DPZ</th>\n",
       "      <td>1.000000</td>\n",
       "      <td>0.817113</td>\n",
       "      <td>0.873189</td>\n",
       "      <td>0.665984</td>\n",
       "      <td>0.470365</td>\n",
       "      <td>0.831862</td>\n",
       "      <td>0.374176</td>\n",
       "      <td>0.086539</td>\n",
       "      <td>0.407807</td>\n",
       "      <td>0.338057</td>\n",
       "      <td>0.722899</td>\n",
       "      <td>0.496909</td>\n",
       "      <td>0.812099</td>\n",
       "      <td>0.713556</td>\n",
       "      <td>0.872248</td>\n",
       "    </tr>\n",
       "    <tr>\n",
       "      <th>AAPL</th>\n",
       "      <td>0.817113</td>\n",
       "      <td>1.000000</td>\n",
       "      <td>0.819274</td>\n",
       "      <td>0.788376</td>\n",
       "      <td>0.436052</td>\n",
       "      <td>0.834351</td>\n",
       "      <td>0.661147</td>\n",
       "      <td>0.112277</td>\n",
       "      <td>0.372496</td>\n",
       "      <td>0.494680</td>\n",
       "      <td>0.732726</td>\n",
       "      <td>0.505616</td>\n",
       "      <td>0.863150</td>\n",
       "      <td>0.613377</td>\n",
       "      <td>0.887714</td>\n",
       "    </tr>\n",
       "    <tr>\n",
       "      <th>GOOG</th>\n",
       "      <td>0.873189</td>\n",
       "      <td>0.819274</td>\n",
       "      <td>1.000000</td>\n",
       "      <td>0.574009</td>\n",
       "      <td>0.720793</td>\n",
       "      <td>0.978323</td>\n",
       "      <td>0.544923</td>\n",
       "      <td>0.345151</td>\n",
       "      <td>0.121214</td>\n",
       "      <td>0.607564</td>\n",
       "      <td>0.934335</td>\n",
       "      <td>0.797337</td>\n",
       "      <td>0.731222</td>\n",
       "      <td>0.903139</td>\n",
       "      <td>0.974968</td>\n",
       "    </tr>\n",
       "    <tr>\n",
       "      <th>AMD</th>\n",
       "      <td>0.665984</td>\n",
       "      <td>0.788376</td>\n",
       "      <td>0.574009</td>\n",
       "      <td>1.000000</td>\n",
       "      <td>0.080965</td>\n",
       "      <td>0.556345</td>\n",
       "      <td>0.698317</td>\n",
       "      <td>-0.117422</td>\n",
       "      <td>0.555594</td>\n",
       "      <td>0.222243</td>\n",
       "      <td>0.449067</td>\n",
       "      <td>0.187459</td>\n",
       "      <td>0.814938</td>\n",
       "      <td>0.291650</td>\n",
       "      <td>0.682076</td>\n",
       "    </tr>\n",
       "    <tr>\n",
       "      <th>GME</th>\n",
       "      <td>0.470365</td>\n",
       "      <td>0.436052</td>\n",
       "      <td>0.720793</td>\n",
       "      <td>0.080965</td>\n",
       "      <td>1.000000</td>\n",
       "      <td>0.740407</td>\n",
       "      <td>0.245519</td>\n",
       "      <td>0.568174</td>\n",
       "      <td>-0.301088</td>\n",
       "      <td>0.556462</td>\n",
       "      <td>0.805188</td>\n",
       "      <td>0.825334</td>\n",
       "      <td>0.308378</td>\n",
       "      <td>0.802709</td>\n",
       "      <td>0.650929</td>\n",
       "    </tr>\n",
       "    <tr>\n",
       "      <th>SPY</th>\n",
       "      <td>0.831862</td>\n",
       "      <td>0.834351</td>\n",
       "      <td>0.978323</td>\n",
       "      <td>0.556345</td>\n",
       "      <td>0.740407</td>\n",
       "      <td>1.000000</td>\n",
       "      <td>0.535352</td>\n",
       "      <td>0.455141</td>\n",
       "      <td>0.119296</td>\n",
       "      <td>0.633441</td>\n",
       "      <td>0.964989</td>\n",
       "      <td>0.847483</td>\n",
       "      <td>0.732732</td>\n",
       "      <td>0.933789</td>\n",
       "      <td>0.955018</td>\n",
       "    </tr>\n",
       "    <tr>\n",
       "      <th>NFLX</th>\n",
       "      <td>0.374176</td>\n",
       "      <td>0.661147</td>\n",
       "      <td>0.544923</td>\n",
       "      <td>0.698317</td>\n",
       "      <td>0.245519</td>\n",
       "      <td>0.535352</td>\n",
       "      <td>1.000000</td>\n",
       "      <td>-0.018422</td>\n",
       "      <td>0.106457</td>\n",
       "      <td>0.389575</td>\n",
       "      <td>0.483716</td>\n",
       "      <td>0.374681</td>\n",
       "      <td>0.504768</td>\n",
       "      <td>0.307144</td>\n",
       "      <td>0.653423</td>\n",
       "    </tr>\n",
       "    <tr>\n",
       "      <th>BA</th>\n",
       "      <td>0.086539</td>\n",
       "      <td>0.112277</td>\n",
       "      <td>0.345151</td>\n",
       "      <td>-0.117422</td>\n",
       "      <td>0.568174</td>\n",
       "      <td>0.455141</td>\n",
       "      <td>-0.018422</td>\n",
       "      <td>1.000000</td>\n",
       "      <td>-0.305433</td>\n",
       "      <td>0.538535</td>\n",
       "      <td>0.521853</td>\n",
       "      <td>0.680283</td>\n",
       "      <td>0.091471</td>\n",
       "      <td>0.577541</td>\n",
       "      <td>0.241204</td>\n",
       "    </tr>\n",
       "    <tr>\n",
       "      <th>WMT</th>\n",
       "      <td>0.407807</td>\n",
       "      <td>0.372496</td>\n",
       "      <td>0.121214</td>\n",
       "      <td>0.555594</td>\n",
       "      <td>-0.301088</td>\n",
       "      <td>0.119296</td>\n",
       "      <td>0.106457</td>\n",
       "      <td>-0.305433</td>\n",
       "      <td>1.000000</td>\n",
       "      <td>-0.392984</td>\n",
       "      <td>-0.042244</td>\n",
       "      <td>-0.320161</td>\n",
       "      <td>0.399169</td>\n",
       "      <td>-0.005361</td>\n",
       "      <td>0.187620</td>\n",
       "    </tr>\n",
       "    <tr>\n",
       "      <th>TWTR</th>\n",
       "      <td>0.338057</td>\n",
       "      <td>0.494680</td>\n",
       "      <td>0.607564</td>\n",
       "      <td>0.222243</td>\n",
       "      <td>0.556462</td>\n",
       "      <td>0.633441</td>\n",
       "      <td>0.389575</td>\n",
       "      <td>0.538535</td>\n",
       "      <td>-0.392984</td>\n",
       "      <td>1.000000</td>\n",
       "      <td>0.669415</td>\n",
       "      <td>0.706168</td>\n",
       "      <td>0.467765</td>\n",
       "      <td>0.568239</td>\n",
       "      <td>0.603405</td>\n",
       "    </tr>\n",
       "    <tr>\n",
       "      <th>GS</th>\n",
       "      <td>0.722899</td>\n",
       "      <td>0.732726</td>\n",
       "      <td>0.934335</td>\n",
       "      <td>0.449067</td>\n",
       "      <td>0.805188</td>\n",
       "      <td>0.964989</td>\n",
       "      <td>0.483716</td>\n",
       "      <td>0.521853</td>\n",
       "      <td>-0.042244</td>\n",
       "      <td>0.669415</td>\n",
       "      <td>1.000000</td>\n",
       "      <td>0.915763</td>\n",
       "      <td>0.657276</td>\n",
       "      <td>0.944538</td>\n",
       "      <td>0.886791</td>\n",
       "    </tr>\n",
       "    <tr>\n",
       "      <th>XOM</th>\n",
       "      <td>0.496909</td>\n",
       "      <td>0.505616</td>\n",
       "      <td>0.797337</td>\n",
       "      <td>0.187459</td>\n",
       "      <td>0.825334</td>\n",
       "      <td>0.847483</td>\n",
       "      <td>0.374681</td>\n",
       "      <td>0.680283</td>\n",
       "      <td>-0.320161</td>\n",
       "      <td>0.706168</td>\n",
       "      <td>0.915763</td>\n",
       "      <td>1.000000</td>\n",
       "      <td>0.415398</td>\n",
       "      <td>0.904393</td>\n",
       "      <td>0.716435</td>\n",
       "    </tr>\n",
       "    <tr>\n",
       "      <th>NKE</th>\n",
       "      <td>0.812099</td>\n",
       "      <td>0.863150</td>\n",
       "      <td>0.731222</td>\n",
       "      <td>0.814938</td>\n",
       "      <td>0.308378</td>\n",
       "      <td>0.732732</td>\n",
       "      <td>0.504768</td>\n",
       "      <td>0.091471</td>\n",
       "      <td>0.399169</td>\n",
       "      <td>0.467765</td>\n",
       "      <td>0.657276</td>\n",
       "      <td>0.415398</td>\n",
       "      <td>1.000000</td>\n",
       "      <td>0.529936</td>\n",
       "      <td>0.792917</td>\n",
       "    </tr>\n",
       "    <tr>\n",
       "      <th>BRK-B</th>\n",
       "      <td>0.713556</td>\n",
       "      <td>0.613377</td>\n",
       "      <td>0.903139</td>\n",
       "      <td>0.291650</td>\n",
       "      <td>0.802709</td>\n",
       "      <td>0.933789</td>\n",
       "      <td>0.307144</td>\n",
       "      <td>0.577541</td>\n",
       "      <td>-0.005361</td>\n",
       "      <td>0.568239</td>\n",
       "      <td>0.944538</td>\n",
       "      <td>0.904393</td>\n",
       "      <td>0.529936</td>\n",
       "      <td>1.000000</td>\n",
       "      <td>0.821306</td>\n",
       "    </tr>\n",
       "    <tr>\n",
       "      <th>MSFT</th>\n",
       "      <td>0.872248</td>\n",
       "      <td>0.887714</td>\n",
       "      <td>0.974968</td>\n",
       "      <td>0.682076</td>\n",
       "      <td>0.650929</td>\n",
       "      <td>0.955018</td>\n",
       "      <td>0.653423</td>\n",
       "      <td>0.241204</td>\n",
       "      <td>0.187620</td>\n",
       "      <td>0.603405</td>\n",
       "      <td>0.886791</td>\n",
       "      <td>0.716435</td>\n",
       "      <td>0.792917</td>\n",
       "      <td>0.821306</td>\n",
       "      <td>1.000000</td>\n",
       "    </tr>\n",
       "  </tbody>\n",
       "</table>\n",
       "</div>"
      ],
      "text/plain": [
       "            DPZ      AAPL      GOOG       AMD       GME       SPY      NFLX  \\\n",
       "DPZ    1.000000  0.817113  0.873189  0.665984  0.470365  0.831862  0.374176   \n",
       "AAPL   0.817113  1.000000  0.819274  0.788376  0.436052  0.834351  0.661147   \n",
       "GOOG   0.873189  0.819274  1.000000  0.574009  0.720793  0.978323  0.544923   \n",
       "AMD    0.665984  0.788376  0.574009  1.000000  0.080965  0.556345  0.698317   \n",
       "GME    0.470365  0.436052  0.720793  0.080965  1.000000  0.740407  0.245519   \n",
       "SPY    0.831862  0.834351  0.978323  0.556345  0.740407  1.000000  0.535352   \n",
       "NFLX   0.374176  0.661147  0.544923  0.698317  0.245519  0.535352  1.000000   \n",
       "BA     0.086539  0.112277  0.345151 -0.117422  0.568174  0.455141 -0.018422   \n",
       "WMT    0.407807  0.372496  0.121214  0.555594 -0.301088  0.119296  0.106457   \n",
       "TWTR   0.338057  0.494680  0.607564  0.222243  0.556462  0.633441  0.389575   \n",
       "GS     0.722899  0.732726  0.934335  0.449067  0.805188  0.964989  0.483716   \n",
       "XOM    0.496909  0.505616  0.797337  0.187459  0.825334  0.847483  0.374681   \n",
       "NKE    0.812099  0.863150  0.731222  0.814938  0.308378  0.732732  0.504768   \n",
       "BRK-B  0.713556  0.613377  0.903139  0.291650  0.802709  0.933789  0.307144   \n",
       "MSFT   0.872248  0.887714  0.974968  0.682076  0.650929  0.955018  0.653423   \n",
       "\n",
       "             BA       WMT      TWTR        GS       XOM       NKE     BRK-B  \\\n",
       "DPZ    0.086539  0.407807  0.338057  0.722899  0.496909  0.812099  0.713556   \n",
       "AAPL   0.112277  0.372496  0.494680  0.732726  0.505616  0.863150  0.613377   \n",
       "GOOG   0.345151  0.121214  0.607564  0.934335  0.797337  0.731222  0.903139   \n",
       "AMD   -0.117422  0.555594  0.222243  0.449067  0.187459  0.814938  0.291650   \n",
       "GME    0.568174 -0.301088  0.556462  0.805188  0.825334  0.308378  0.802709   \n",
       "SPY    0.455141  0.119296  0.633441  0.964989  0.847483  0.732732  0.933789   \n",
       "NFLX  -0.018422  0.106457  0.389575  0.483716  0.374681  0.504768  0.307144   \n",
       "BA     1.000000 -0.305433  0.538535  0.521853  0.680283  0.091471  0.577541   \n",
       "WMT   -0.305433  1.000000 -0.392984 -0.042244 -0.320161  0.399169 -0.005361   \n",
       "TWTR   0.538535 -0.392984  1.000000  0.669415  0.706168  0.467765  0.568239   \n",
       "GS     0.521853 -0.042244  0.669415  1.000000  0.915763  0.657276  0.944538   \n",
       "XOM    0.680283 -0.320161  0.706168  0.915763  1.000000  0.415398  0.904393   \n",
       "NKE    0.091471  0.399169  0.467765  0.657276  0.415398  1.000000  0.529936   \n",
       "BRK-B  0.577541 -0.005361  0.568239  0.944538  0.904393  0.529936  1.000000   \n",
       "MSFT   0.241204  0.187620  0.603405  0.886791  0.716435  0.792917  0.821306   \n",
       "\n",
       "           MSFT  \n",
       "DPZ    0.872248  \n",
       "AAPL   0.887714  \n",
       "GOOG   0.974968  \n",
       "AMD    0.682076  \n",
       "GME    0.650929  \n",
       "SPY    0.955018  \n",
       "NFLX   0.653423  \n",
       "BA     0.241204  \n",
       "WMT    0.187620  \n",
       "TWTR   0.603405  \n",
       "GS     0.886791  \n",
       "XOM    0.716435  \n",
       "NKE    0.792917  \n",
       "BRK-B  0.821306  \n",
       "MSFT   1.000000  "
      ]
     },
     "execution_count": 44,
     "metadata": {},
     "output_type": "execute_result"
    }
   ],
   "source": [
    "corr_matrix = d.corr()\n",
    "corr_matrix"
   ]
  },
  {
   "cell_type": "code",
   "execution_count": 45,
   "metadata": {},
   "outputs": [
    {
     "data": {
      "text/plain": [
       "<AxesSubplot:>"
      ]
     },
     "execution_count": 45,
     "metadata": {},
     "output_type": "execute_result"
    },
    {
     "data": {
